group,CD274,CD273,CD11b,CD70,CD8,CD56,CD11c,HLA-ABC,CD123,CD7,CD16,CD25,CD45RO,CD20,CD31,CD5,CD195,CD32,CD69,CD62L,CD152,KLRG1,CD95,CD64,CD1d,CD57,CD24,CD244,CD2,CD38,CD154,CD52,CD49f,CD335,CD107a,CD66b,CD35,CD58,CD96,CD79b,XCR1,CD54,CD62P,CD122,CD267,FCERIA,CD41,CD49b,CD15,B7-H4,CD26,CD207,TCR-Vd2,CD158b,CD209,CD158e1,CD337,CD307d,CD307e,CD94,GARP,CD328,CD88
critical,-0.110512140107137,-0.147697358642055,0.270419170142088,-0.0491927276092339,-0.0505292414293494,0.126018985672689,0.0894985868646719,0.022251552175458,-0.0023737624605229,0.478711073541302,-0.176923605311427,0.0417307715874852,-0.0400095001056672,-0.0458980146090296,0.266517964421862,-0.113491613038593,-0.144751023642071,-0.0645095093160555,0.30919820307921,-0.165355870612593,-0.0963608356226808,-0.23851978636306,-0.306889380843735,-0.0382946916659702,0.0371404238416134,-0.484951573267339,-0.0566809657354747,0.115108044486935,-0.198855913062492,0.608513102921293,0.018966222686966,-0.334081252490298,0.360178815842571,0.28880553722221,-0.0456386063453426,-0.0601057555320222,0.0122060712379387,-0.0182569051871077,-0.0022650977642693,-0.0155159836171002,-0.103884968302147,0.103208905057965,-0.0319380163867379,0.261442023734652,-0.0524576744635974,0.0312968672271231,0.119213625780656,-0.0178015286487734,-0.0983928435187942,-0.0310544367873138,0.0683582487888891,-0.09099916081685,-0.025962991753795,-0.115660381403932,-0.0463828921781657,0.127562185096593,0.267364899430501,-0.110759462703381,0.0015617062596012,0.330038326521007,-0.0047928977676494,0.154584729546985,0.0645460935325668
critical,-0.150660738877416,-0.0931899598503566,0.290016225962301,0.0234732498045668,0.0353496120211697,0.140980568138795,0.103177083176975,-0.0719406127663413,0.194531738834505,0.2853461901796,-0.186713411025707,0.0626175443906367,0.0633665872292846,-0.0279672068512038,0.251889208023165,-0.0094573340696814,0.0533000720241285,0.146517166290297,0.30729614756055,-0.0006246066835974,0.108451995882481,-0.243626970137053,-0.132132792716692,0.0875059666613754,-0.0357051706230429,-0.418846222823954,0.0180184561242148,-0.0758062832354763,0.062100288688454,0.323658962002671,0.0411350680127307,-0.233987058844894,0.244233485570262,0.355769662652106,0.0509856102562438,0.0907700901374107,0.0627645442481699,-0.0007830488426896,-0.0113006862502866,-0.026579000363212,0.0092516315158533,0.196207241742823,-0.0600425034517361,0.220155658841351,0.0206222738245947,0.111233266684412,0.0288725757150813,0.120315823170383,0.0031174690810039,0.110003329699562,-0.0141501172914519,-0.0187793859606329,0.183838355477907,-0.066070278573037,0.0558306830449374,0.0714722958541749,0.236041817667355,0.007182439515736,-0.106714686251704,0.0360537514623361,-0.0156350619038564,0.0271918982581697,0.0989668867008181
critical,0.462007818760079,0.439695137723511,0.0837411627296052,0.264199320077086,-0.17634441566731,-0.443399650341194,-0.0351112208872903,0.251432600761852,0.232479631470558,-0.442768955944489,0.129700999569943,0.171292177765238,0.240312607424962,0.18223271784554,0.481487990112774,0.147985362866306,0.308784759078525,0.417181517419128,0.207583271007895,-0.0860198698612344,0.221037722252133,0.0030910589016756,0.345225688252527,0.252772202365023,0.263344072779671,-0.14682471557005,0.429879349910005,-0.24645999951892,-0.283129482368484,-0.130956550533006,0.366262593334916,-0.0071561946105689,0.441715730690367,-0.0325856027652338,0.337449131536919,0.415111338238807,0.335228670245135,0.381011914048046,0.1576968990146,0.074954748630865,0.299020255199176,-0.130825882591085,0.400340261142277,-0.126204768563552,0.203203284871466,0.271624557936739,0.390978105238484,0.549138527608376,0.318350343573214,0.0240688855595134,0.280271048830938,0.304254174532643,0.117447643837525,-0.0366147050858386,0.135483617838299,0.0127802040220428,0.153761296032633,0.286457055003597,0.238836447653139,-0.223516118086084,0.452805962954255,-0.230614463910646,0.356175579735055
critical,-0.100446464178958,0.134531561996258,0.400152958915,-0.0023885747158131,0.249867088775967,-0.271445420377535,0.301683356446717,0.0057852655442767,0.0391648373147064,-0.128293729163087,0.0550194263634941,0.0462482992674858,0.135759378135854,0.0495456614574766,0.0686179730273336,-0.0999255365636756,-0.124448951214251,0.0942600959880078,0.129728297248352,-0.16754950171659,0.0540461510055688,-0.272451264119272,-0.140143142717095,-0.0088606624062879,0.0625656319511967,-0.0228028834959298,-0.0866034262031406,0.0258765606595212,-0.230515157907848,0.0504758373716441,0.0505076745030938,-0.118747440818696,0.0665737554448666,-0.209899570053017,0.12300173058213,0.101671950364224,0.296682976421901,0.251114494991393,-0.0498108734053643,-0.021677846789299,0.163214063893236,-0.148994927099408,0.241160452643648,-0.0764081980521726,0.0904999677020317,0.0032233005306212,0.104342220214683,0.264409415691148,0.0345275436696784,-0.0679850006192028,-0.10796923835146,-0.0213876360713713,-0.27950843442579,-0.39669408595144,0.150229238742525,0.0534317827650334,0.0233313746480849,-0.130356086501023,-0.221970050580478,-0.343994999919517,0.256921267872881,0.190868230709131,0.0861270836958417
critical,-0.138563303156371,-0.0345585767123153,0.247130972496987,0.052240956087266,0.124045155712424,0.246865768170078,0.0391027731702578,0.310072819995859,0.0168879339406001,0.56014987301629,-0.0097311791436223,-0.0580053535104875,-0.034554099766185,-0.0054972734177528,-0.0596075185005094,-0.24864210481022,0.0512637236459528,0.0009008036168426,-0.0804842493560996,0.0245740389540917,0.0434059485484305,0.445864701924544,-0.212741890666097,-0.0455966881102453,0.0177726050754201,0.244654768527323,-0.201663069616372,0.339927077101158,0.284648540604908,0.262152910432761,-0.0154095762863479,-0.0432279166348601,-0.0476847127850957,0.23945525758169,-0.162111804179262,-0.379296399508669,-0.160824458734075,-0.0623429340068663,-0.0809024226274433,-0.0288018004367133,0.255338635253277,0.132538495347292,0.0082991628519648,0.19806095075651,0.0107864581973567,0.130574200715934,-0.165456903148623,-0.0696121321237566,-0.46393257977052,0.14924406655535,0.142454960499643,0.0695278788402205,0.342914262594161,0.250375436304711,-0.174635995879151,-0.16555778203637,-0.0256368841464524,-0.068621246647925,-0.125579088602472,0.4415823211915,0.201289353916961,0.392237455181476,-0.396203040780023
critical,0.545737830393682,0.505748802731002,0.371197189491218,0.511128372803485,-0.311929927500201,-0.220646122618503,-0.147474011132848,0.230811728120319,0.495860261208223,-0.337018689496988,0.194501245780539,0.533097394053267,0.53751476996937,0.512464729091832,0.50534345383443,0.31880088396236,0.546412865174287,0.400981136873022,0.533728909190845,0.417643242691335,0.51286125615553,-0.372480116138542,0.209327070012256,0.116434657911848,0.399760674321502,-0.149754943928946,0.423436595061741,-0.383991632862511,-0.625639460242066,-0.0074037524119087,0.588961611389093,0.282932539661564,0.583165997894732,0.174251019863181,0.648683135643457,0.356654314253409,0.397413139761043,0.590537394759389,0.359137861801078,0.0883289044158148,0.508085368646046,-0.0534227772778315,0.655131516070142,0.0246225640155973,0.278174109275272,0.38090599987374,0.613674650320364,0.49784288851171,0.302241989816402,0.501076291137263,0.421964988274851,0.306274575119296,0.0906056211261008,-0.191477474894931,0.429103675869556,0.262229510071105,0.202045968503695,0.537816253799634,0.429023980046203,-0.180771925760293,0.264198116570804,-0.0320771133888292,0.565099635900093
critical,0.0162206095577429,0.0262614799055919,0.0981844416435968,0.163410495206249,0.0768816044222291,0.0201894924888905,0.24349265042236,-0.0561002078868535,0.219680152813047,-0.0613234508604775,-0.044492601784925,0.0448012140982416,0.046858474291321,0.200800941669681,0.0849551431653044,0.0380080064233905,0.0072913056383311,-0.0569437804540393,0.156070171272705,-0.331198846635581,-0.0359083105009331,-0.175968228826657,-0.0222476204567218,-0.0709655719387498,0.0915135423121441,0.11747426648586,0.0857377322715454,0.119494725610277,-0.238126480423107,0.129491192714812,0.124920366434162,-0.0046028164140313,-0.139573877197494,-0.0663945473667811,0.148468107265898,0.156911213074171,0.0996613877604569,0.135562661013577,0.0542016987783846,0.167059937243218,0.13124089969064,0.0333260211106696,-0.0182190153858078,0.105684365960773,0.169736378093502,0.14433629725226,-0.149377838904148,-0.030793942845993,0.0844421012990539,0.198359404411297,0.0028091909694445,0.114779036753726,0.0511666393729539,0.187505430963945,0.0680765608371687,0.11837847933577,0.130541402336895,0.155098204747376,-0.031042173047176,0.0121761710750142,0.0986722507956415,0.0967545384066098,0.102561910734484
critical,-0.159319320225371,-0.154225399443348,0.120588109365833,-0.0975890830081738,0.0353204388427935,-0.0045659306368693,-0.0762541721611863,-0.158186501071943,-0.176894364254576,0.189193027299827,-0.0500398782234786,-0.0298299523666959,-0.138730235681988,0.0556431011665393,-0.0716669418796162,-0.0380318933243438,-0.0245146567318711,-0.120721959794102,-0.115605127332336,-0.016713319619536,-0.131762418886718,-0.0045087124015685,-0.159267650587493,-0.16795164191789,-0.0586129442966595,-0.439757203754717,-0.131919627514791,0.0617132038834478,-0.016145424918811,0.200562468623944,0.0224228695965923,-0.11979629814357,0.27679324395887,0.187865828400173,-0.148116929034599,0.0941095939560204,-0.132810546730381,-0.0699232060944531,-0.0932510360486018,0.0055081077910815,-0.0571523806558621,0.0529139124260212,-0.0707000903715304,0.185269230212078,0.009202048308442,-0.0440624278762142,-0.0117513371198892,-0.0234293372993131,0.103645482732945,0.0077706519902821,-0.0587934500063067,-0.0339274071989236,-0.149975227163408,0.0941905865997534,0.0094002150903265,-0.128220136659629,0.0752796442922869,-0.0741290833632071,-0.243809209703969,-0.19231764842952,-0.0574229791919263,0.092788431549837,0.0002167042738635
critical,-0.117783037384898,-0.139828384851969,-0.0156728940680261,-0.138913089731043,-0.515871922484462,0.197535884176188,0.322968839446036,-0.41669099529551,-0.0800655246405227,0.0861540485577861,0.0001156403586784,-0.396211418492732,-0.260677446941218,-0.0630334053431639,0.180409923578141,-0.365334632303224,-0.194826561439367,-0.0257516987458053,-0.0632955486965083,-0.176994088322369,-0.126465681886939,-0.340694223325574,-0.323861491311658,-0.09650573296571,-0.104134868602448,-0.0021979930922696,-0.113006788878218,-0.0541447403742904,0.103820245053455,0.129334540903025,-0.403125683273593,-0.26372188498163,-0.0708481571947012,-0.0943615446311238,-0.0744986197875819,-0.129552897094591,-0.0966186763507642,-0.185420922707556,-0.236919390314597,-0.309439435701517,-0.0518255336704566,-0.169096406867627,-0.0267177451338297,-0.0299612494914494,-0.083974436907321,-0.281849006302246,0.146559134882599,0.0336421772073311,-0.0756642485594152,-0.234415838921135,-0.337718428126241,-0.250536783760876,-0.168516822472138,0.171088076683174,-0.319138747989474,-0.2281297510539,-0.0627457800733758,-0.139712936948719,-0.244619789595461,-0.105135325505435,-0.0850841227488333,0.0804421790972034,-0.0664698005455817
critical,0.0658263920876243,0.0916692273241064,-0.230151808484874,-0.0103345679388475,-0.11330626529337,0.164430634618948,-0.0534522254227103,-0.0390977349578525,-0.118793652989143,-0.278739832410972,0.193214371517879,-0.0634040941977231,-0.0571456496434326,-0.0175494549251238,0.0123013100938079,-0.267856284771249,0.0010441589971289,-0.0038166840165025,0.0020134062245931,-0.0404450130456189,-0.263234825481159,-0.129467770882578,-0.157204563618153,-0.136258991556619,0.117303313913731,-0.156767658012582,0.100153362113604,0.126988448165991,-0.0669266771501514,0.228183194267653,0.0148248564745945,-0.26157308795943,-0.0944077791873875,0.183871758201975,-0.156768794649478,0.0728577011451174,-0.0471515823499727,-0.185565756327914,-0.17139764362586,0.192322209092702,-0.0817092150725875,-0.103722970597078,-0.282505084775882,0.114464249466514,0.0177473635570396,0.033081072696685,-0.393181611067181,-0.115148132387899,-0.0281154744684282,-0.0842912556521084,-0.0053416585491838,-0.0113795000656751,0.0364987224022699,0.0051349536333149,0.0230980234953609,0.0754465291515601,0.202701153978211,-0.0688177027595882,-0.137058072028841,-0.112236352911663,-0.159991570941831,-0.0532775414333072,-0.185716610034532
critical,0.131061892536532,-0.0349174962574124,-0.0027958368350473,-0.0792838230920838,0.0560564550422168,-0.180659060279065,0.0732030677780047,-0.0663919977847641,-0.184368238722617,-0.140908302756299,0.318583390962318,-0.220061556047902,-0.266197266268903,-0.158334723548418,0.0167771501759707,-0.0530037500772133,-0.164550082544051,0.0408883692362748,0.182572439879687,-0.246731580265643,-0.0432613728627126,-0.124733886782528,-0.154398084841861,-0.0483233888426845,0.0677593835415884,-0.13300240962867,-0.067027737028805,-0.11435537703504,-0.353895831464388,0.324269774287804,-0.141536241047686,-0.111111676693085,-0.371978843935361,-0.0154610665617409,-0.0720785696154597,-0.0436768783202648,-0.0503371827101146,0.13653547549122,-0.141359854380162,-0.0284327174723792,-0.0405782427620813,-0.422035821273766,0.187373049444634,-0.241201422396813,-0.205108395830417,0.121723642109782,-0.103109704028231,-0.112405984923315,-0.226709269575494,-0.0388743802128644,-0.180342412892616,-0.0742114072709115,0.11346659835926,0.0841009150748599,0.0388513082098485,0.187005477529311,-0.175650408151827,-0.109338967836252,0.0079972478704024,-0.336756351383403,0.0115726246270642,0.103423460862346,-0.105836070702109
critical,0.0759725031936238,0.339911988759922,0.189777830966456,0.210151743663913,0.0953891087863279,-0.0139109555571109,0.0707363989734621,0.535952929421586,0.629191370659354,-0.363208413924108,-0.381113907429697,0.22086282405444,0.354774159714797,0.427548945843419,0.349459247503443,0.62144608028176,0.410126612231269,0.36806739999889,0.335157019367546,0.238531494584288,0.217861095488825,0.260103045837585,0.615680191789912,0.299038192195795,0.515878985441521,0.337710660809627,0.063208324546367,0.0149964435503844,0.199353640943666,-0.382620125178046,0.149474419735108,0.169133220762996,0.238358416344345,-0.486122604151208,0.429697892337409,0.387625515812468,0.336793027863327,0.523314388984471,0.280926686544232,0.149246172927397,0.347226213512138,0.0379961771575718,0.503206732668421,0.113725925570982,0.511858458959647,0.534287537441512,0.359724152988886,0.510172134523499,0.231781094714183,0.419616932227237,0.290091835315794,0.551431033816435,0.287545088204192,-0.0846659776092072,0.571317281127726,0.100076014479429,-0.0135823503077303,0.215784113759909,0.543961199944171,-0.238822315075305,0.331651306426817,0.135275827661669,0.390323107326171
critical,-0.0147582936494745,0.0479062504972314,0.210113817980734,0.0595150270933487,0.101614814864708,0.377569607221572,0.198479936840218,0.30393691457154,0.414040871090195,-0.463713111330289,-0.415043715088249,0.0773253019446928,0.347258694177954,0.0748064440721316,0.417317120406543,0.0131498366188201,0.138011478714427,0.327025911522589,0.214283105987135,0.130377123039995,-0.0554093726981421,-0.157117632173622,0.350299777192271,0.521260131260921,0.32684480904178,-0.072474333332021,0.0875071378152675,-0.278316434578112,-0.246348124559326,-0.0382065642572635,0.0017026633290684,0.202527363040647,0.0475761244908115,-0.236019152765865,0.126906642983687,0.0780416278300888,0.223815784490987,0.380901767513181,-0.0283131197129122,0.073090078494389,0.0746360427453457,0.0267579944552057,0.154049428301776,-0.27987564313511,0.0709224017607832,0.0630812117140731,0.290178842588133,0.250210341092955,0.0593290141325572,0.12766672597554,0.0782740309742228,0.103567804518398,0.160215451918928,-0.179719142219072,0.0450692952805349,0.0965228257195827,-0.162859660661424,0.0033768067076183,0.0620980039974272,-0.396185644641838,0.346509925043923,0.0163348672211151,0.239252943887319
critical,-0.0517802911841974,-0.0642944080085759,-0.193905815181336,-0.0450684658129457,0.239254818699404,0.0940277840973106,-0.284922008452792,-0.0780334488088666,-0.0933946834603878,0.246151755066328,-0.425592455876319,-0.0215364513023466,-0.135768298664121,-0.0087072707284851,0.123655640881514,-0.105748423015035,0.124905190097652,-0.0398901153349141,0.0931435321362112,-0.0662499378268197,-0.111664584685135,-0.0179209874414152,0.133830684951699,-0.0462512001723167,0.0286827992579353,-0.355966226866656,-0.0945404453972612,0.005365584572274,0.527125589676613,-0.411112208334473,-0.146092826508192,0.13540584025259,0.308871585713792,0.192556879648392,-0.0987220577089566,-0.0529064824759182,0.0485410750588218,-0.217045724390218,0.219180553844823,-0.0685299591602709,-0.121667451918681,0.453588597745944,-0.0560666358934551,-0.175003781761094,-0.0917895518877766,0.031421092779565,0.0244047466065578,-0.0134201037291276,-0.0844919047199936,-0.156354552770831,0.0218130626049713,-0.0800797121211836,-0.0716000309143974,-0.236706959031415,-0.15902972928838,-0.0620268396332916,-0.154787929870917,-0.118723972346389,-0.0606724811773086,0.463835687145712,-0.0307378930338214,-0.222719976927614,0.0160506908485779
critical,0.185604172673548,-0.0832953233658975,0.392011975634222,-0.011340455375703,-0.165723431892685,-0.0554613699536763,0.356164787673226,0.163946648590534,0.11427297678403,-0.37590625448907,0.1395132676025,0.129846823315337,0.105140773492815,-0.0856541635343217,0.188184319829096,-0.0072989924243428,-0.191669823448403,0.174602589346472,0.281362442314509,0.0152672275684473,-0.0396344691560886,-0.0999396729609375,-0.0979551789261194,0.122107213153157,0.123252502073537,-0.0733922727758565,0.0106263135138019,-0.109888137431311,-0.489808346707368,0.451106072121073,0.0268346300221935,-0.0634913605588301,-0.0985107905893808,-0.167902078795942,0.0929321817869632,-0.0447562006721058,0.112220365198893,0.234350303665652,-0.207135195621295,0.0225403892959154,0.0651204419356053,-0.235534530448592,0.141808722888851,-0.0970792599059627,-0.052541349424004,0.0498689315411963,0.186204441715055,0.201208616030799,-0.0026985697283547,-0.0843367844543779,-0.0194391190734372,-0.0342466623078221,0.0119920758448294,0.0976006002435176,0.0607746199804556,0.218735594532608,0.0066825508950471,-0.0084938983751975,-0.0202201485669608,-0.491055561420676,0.198998361779873,0.141978868451548,0.131086117908501
critical,-0.356536693004476,-0.178441862238242,0.230652717431634,-0.30102891286109,-0.468816266448218,0.19797556322237,0.430971610347814,-0.0727452131177603,-0.282284658895964,0.154586999089477,0.449206307153305,-0.324320769754956,-0.479102231094794,-0.137330482670591,-0.434644638106281,-0.570853773836806,-0.476241949716476,-0.241336292195221,-0.116020842190655,-0.268198499042739,-0.215860621502467,-0.628465817977367,-0.410661837018084,-0.223219320258026,-0.0075816793626525,-0.401758111822733,-0.24120326541122,0.118084655314065,-0.61682691246387,0.501569101424388,-0.235936192917428,-0.484125638640906,-0.230906356478347,0.302954354196257,-0.361134456935518,-0.176870968635902,-0.253923921772281,-0.294322169918694,-0.513825970070868,-0.310484466032449,-0.310691245539821,-0.377849315840167,-0.270575132193838,0.0889818259760582,-0.132924710180092,-0.0932348985419789,-0.4218245728635,-0.0683348221595636,-0.360330022264186,-0.227206293941807,-0.139193559309596,-0.230661923648191,-0.239769439463693,0.0942066605525618,-0.159075032112184,0.0431148580736632,0.354086102677062,-0.261909253259637,-0.212530185526909,0.0198956795998083,-0.129506923866485,0.279020755542813,-0.293084676314961
critical,-0.137948248107771,-0.181745024938811,0.380057855671215,-0.176937444513385,-0.484598567544314,0.186807761159731,0.556219425463526,0.122695198396,-0.0175430351648843,0.602963716233635,0.445988376484772,-0.0881173373349809,-0.378584410379739,0.0501681453671881,-0.278062254317701,-0.244062879553801,-0.468003721851937,-0.192040139681061,0.128926936636094,-0.0579904645994987,-0.110207436168155,-0.539528751979183,-0.511277199179602,-0.0292458441720025,-0.12892901969281,-0.206214689415789,0.087103078693983,0.379676041470219,-0.267351303578286,0.674544478888331,-0.019183747640952,-0.280801287281974,-0.276164209379363,0.452179835800345,-0.0558055387851797,-0.120663745226313,-0.210159341928003,-0.150963216993796,-0.19784549457914,-0.133784989358015,0.272015377837961,-0.292836287685115,-0.232739327853336,0.540149402480665,0.149897238281055,0.104241615457336,-0.322483974185094,-0.146379763925054,-0.0414191205908812,0.161373517193749,-0.0156021447355908,0.0969908135169788,-0.173465724387097,0.265288030635054,0.129955508375305,0.0708160742382818,0.516128445179121,0.0556405110861079,-0.102326980907143,0.318873896803511,-0.0429186786854268,0.419414473465536,-0.0359647891586723
critical,-0.0973304458602068,-0.0231161245513014,0.0952401991386258,-0.0695147234231172,-0.0584238664511286,0.0663315959015575,0.305369650618483,0.121554641430133,0.07247221276183,0.472693271887675,0.0376922079882246,-0.0834736131821107,-0.0342813906485967,-0.144264257597181,0.262229891622038,-0.0280869548543951,-0.124596183837433,-0.110839758607507,-0.262569873596708,0.0605371085797938,-0.0308904021294652,0.0253365706760759,0.0195550878252738,-0.0790476293164974,-0.12257396158365,-0.335983547495612,0.0107664092775591,0.151451580733554,0.17371123297668,0.249714897752336,-0.016247275498199,-0.158310363216228,0.166738574746341,0.236259742976623,0.0042861406711588,-0.0147142579570831,-0.0299044484187198,-0.0952562866033331,-0.0158830225126886,-0.0158963959851064,-0.0579031111915153,0.119885536493117,-0.0139954920149052,0.208001935770888,0.075112698441604,0.0151822361992646,-0.111671682550308,-0.0192752575107542,0.0202141988264481,0.0459956624840407,0.0696691389289941,0.0077581233267052,-0.0516645288998647,-0.230539377979539,-0.0373756990484335,-0.273874362183179,0.122204759740701,0.0144504611105819,-0.0941239881405394,-0.1195739089827,0.0361754160465814,0.0004473904554605,-0.0123299801598118
critical,-0.114007784032742,-0.0047150618280974,-0.0225763520156436,0.041119767999344,0.0504836981669453,0.131996327408438,0.143042805953223,-0.005339698867844,0.0175635693633911,-0.142189255952589,0.0682449294845438,0.26389515598568,-0.113346032822187,-0.0625697879907147,-0.0471181869453005,-0.122397292257007,0.0904441790376887,-0.178596392189252,-0.0039286345241413,0.106211661051989,0.0090883676559302,0.0689584679279298,0.0750486598098372,-0.119678622240354,0.0445156028812881,0.166192603991263,0.0149858406936106,-0.0731720020539477,0.0953397476338373,0.0734595955384407,-0.144500577069211,0.0762496863873555,-0.100705370965944,0.199601288959356,0.0123836842972948,-0.0429189717920153,-0.131167704984694,-0.028342843010094,0.207171313893968,0.0014733196416037,-0.0323474684008023,-0.0295658287606562,-0.104277795523363,-0.12952456445749,0.201258630865026,0.122629744693636,-0.0379711436823229,-0.0462008215028542,0.0618259088686721,0.0483633272437908,-0.0435277945156101,0.0079144985352269,-0.0383235445234896,0.395279959397283,-0.0654773669888842,0.256928049226098,0.0648830240726722,-0.132632026157852,0.0473235029574885,0.231195088553846,0.0387565599598188,0.0166026207437924,-0.0129338339677194
critical,0.0258114429153848,0.107832374170259,-0.192320782362898,0.0217658479853375,0.113716828417441,-0.0472106919032276,-0.171218430706104,0.0494156731073365,-0.046352130905316,-0.0195084686164175,-0.127018497298153,-0.0620967684065969,0.0658910200315135,0.128241361273132,-0.0478912930080664,0.170962292418855,0.0816128356469493,-0.0439613665895175,-0.0470064005226489,0.0424534854441956,0.0034617857468256,0.0299912972964753,0.0254883328439095,0.145847104247886,-0.0971349009330916,0.0370978256224682,0.0120517394970939,0.021499888142225,-0.0950222420537798,-0.0419078866230963,-0.0668079110877386,0.0829730684047185,-0.0487185997036927,-0.128555635429052,-0.0608370681700752,-0.0921509942926327,-0.0431618675455676,0.0748720996238902,0.0973626043374615,-0.192421979388086,-0.0910381634617051,-0.0825498108999241,-0.0657367580626234,-0.161291228248115,0.0729651583358752,0.0746536964645108,-0.112323051806228,-0.215569932341587,-0.0486322845015622,-0.0002549512003362,0.0424282957426392,-0.0119290361127022,-0.143275575835684,0.0739281274575475,-0.119670533532391,-0.0196356130186599,-0.0029552264600263,-0.0290664393614288,-0.222267716755971,-0.0607097161207302,-0.196430504657707,-0.12966132211943,0.0695452413839298
critical,0.418650593437547,0.186762684706097,0.299056675012416,0.229734299395783,-0.0679508124647612,-0.288495376174303,0.0734360215537196,0.32302638470063,0.341371727336453,-0.150686135839846,0.0883092341909469,0.110293806231157,0.277299044970437,-0.031252723069813,0.483223727366682,0.0956400647111468,0.158549544331197,0.560338891794944,0.312532071037771,0.325581075737436,0.0794395968038302,-0.231587097907934,0.337929941017531,0.255870938755933,0.104432213322888,-0.31293065336937,0.449589805869446,0.0732997902381398,-0.122765767159023,0.12666533178655,0.383351417715136,0.102390514680576,0.35914410843975,0.0886432217820394,0.298943489429921,0.575806132535111,0.530099886343912,0.355243100258654,0.22550853274252,-0.0299771302013189,0.198610036881165,-0.176821160628495,0.420014053308216,0.104536109263929,0.0116694950593218,0.296257865830434,0.434263139254805,0.310897579076543,0.445833563891324,0.216295805320919,0.118692541942115,0.319425676670533,0.192613799792725,0.0962546230288231,0.159410919924893,-0.145405838892891,0.116464915110012,0.277823493158913,0.134091493707061,-0.371956694570142,0.201371308475468,0.0252009906079089,0.387597382918435
critical,0.190248756935831,-0.0295527616063472,0.0036119827978924,0.0309613761562852,-0.0652300078140436,-0.436786609678601,0.228084848303361,0.019557221202388,-0.0064018397841331,0.217332724659325,0.387861003940239,-0.0050453181388264,-0.0472918516937058,-0.020301411022174,0.051184207254529,-0.0700766083686389,-0.0649486738767907,0.140035656348604,0.118703199796678,-0.0382085674216251,-0.0178346848165485,-0.136367800766969,-0.125021062045583,-0.0807192809329731,-0.0455488214492172,-0.174800582583441,0.187416606091698,0.159014963385501,-0.227143602433692,0.180018295931487,0.158448466964611,-0.328780557304745,-0.0420434016034756,0.0956132986784634,0.0524600528443939,0.195383804343074,-0.0545482409314315,0.0528926917567881,-0.081460564942575,-0.239816999737135,-0.0578866244336053,-0.207271845312991,0.172273123566745,0.085274072276212,0.0658607365136649,0.0057638441465218,0.159332466251107,0.187521960365039,0.225239743873893,0.0967810647477994,-0.239766558952064,0.109744298734504,-0.0415922050173503,0.0297397320908516,0.0805487454617438,0.186989305278027,0.130516257906852,0.0532749833953367,0.0685739634580893,-0.0546855233871566,0.143265668280871,0.154695460020374,0.0867921155583866
critical,-0.100931612747912,-0.144213939906861,0.0227959626301889,-0.0841551594197532,-0.36140823772783,-0.0614837055689744,0.417815033835862,-0.0524071159381554,-0.0445047468200501,-0.0116390127867754,0.220303013675383,-0.0372227844595324,-0.189359904521722,-0.0581972976029581,-0.0448624333737465,-0.266719105291895,-0.161662696090911,0.159563262211273,-0.137171724774447,-0.063624420696633,-0.158617886745353,-0.373441235481596,-0.023850473843727,0.0980761074063831,-0.0583127793791637,-0.083924643664758,0.0358942921029509,0.0810583066980014,-0.355469403575223,0.219097718480856,0.0499794124255382,-0.0495804695571038,-0.250995963491667,0.0572961896662958,-0.0382116625308303,0.0373729332324347,0.0559179054738531,0.0614937768009474,-0.135265133464513,-0.288925247227108,-0.0932626344743323,-0.0372085623353553,-0.191890566902658,-0.0179037791516739,-0.132071247284861,0.0008576534826715,-0.218900641933306,-0.192038642561351,0.082499989645937,0.0372310631059865,-0.158425741947045,0.0066107638656884,0.0116131996430019,-0.0207723893595425,-0.111463699013991,-0.196271769820379,0.0025164877275192,-0.0776582726611054,-0.0337723470072317,0.0541972877072723,-0.0571984498410689,0.136179530564045,0.0652249717482279
critical,-0.0063930785595333,-0.1656485511036,0.192613005182528,-0.0567553605964306,-0.0849335809327942,-0.27120742048162,0.627082934278659,-0.145348687429693,-0.0782550075538175,0.103771455399495,0.386688269698336,-0.0250038210021522,-0.134560061676738,-0.0677064387111386,0.115951034931265,-0.0557030343175298,-0.296747348293341,0.159389929504772,0.0302426533951588,0.0404610990985336,-0.109577233519371,-0.482723495942666,-0.0447145661146556,0.0568607262096186,0.0023915213499652,-0.410602266553377,0.189170403371264,0.0001271154128717,-0.627864168661247,0.559200632074103,0.162476173776345,-0.26102066620575,-0.359027419662742,0.0919665581712403,0.0250363603153642,0.220786987202206,-0.0142579004527376,0.114153689647676,-0.287770167561276,-0.353840052241169,-0.135677057524759,-0.516523114702427,-0.0865143445314975,0.146759284933914,-0.170405995572006,0.0352135669330324,-0.199876116740032,-0.165258910463368,0.274463953718639,0.175533807197323,-0.223874034991933,0.0383083120010642,0.0011405455138347,-0.0712864536175755,-0.0714301353111175,0.0598956739771539,0.159486803002329,0.0298046710435968,-0.0624921600095555,-0.397428879040119,-0.0638351014559274,0.203120333875536,0.0132199930976649
critical,0.0405688334934207,-0.0774787667504601,0.324089839984899,-0.100352816543744,-0.30176767311421,-0.460646257129035,0.671568571096135,-0.0182064327278752,-0.116793798108946,0.570571515137578,0.599469189158221,-0.0273369830667624,-0.1314274065575,0.0724786084947649,0.212984728732473,-0.100701037043165,-0.338082511183821,0.233029494058104,0.222828656037784,-0.0479141828822652,0.013042801604922,-0.462461386770771,-0.0029230344353203,0.0180666416839603,-0.0822809482631562,-0.697024416032102,0.242463291054115,0.264671135033545,-0.486437587446213,0.6371362099658,0.204423611815272,-0.44038034343809,-0.0919645076135171,0.238966909587748,-0.0151041189734378,0.287491428916132,0.0570573243695671,0.124066424047317,-0.370343998688956,-0.482788307394526,-0.139184697965074,-0.33597375221595,-0.066091075192459,0.255561332687545,-0.006070527405648,0.0014623371481375,-0.0477774552827019,-0.0164964883360693,0.343883430173533,0.155989012032614,-0.1364707722254,0.110769640086259,0.0065851323034334,-0.238061718881805,-0.0462402839328705,-0.104467633249741,0.1304425039726,-0.0485526983724953,0.0181132297957115,-0.279834841883118,0.0745142349224898,0.456322104138245,-0.0161038485522099
critical,-0.0011505800821575,0.0263278073261534,-0.0977499209363134,-0.0445082945286093,-0.0135281968303947,-0.0064997655336987,-0.239576658094926,0.0028278355424854,0.176814302611663,0.239825073472465,-0.402536267923237,0.137349204424603,-0.213096405756765,0.0568841949763654,-0.0051284974097688,0.0276664633362244,0.0039080370673975,-0.0380568770184178,0.192702864619941,0.17904523971652,0.128949061930879,0.088676343261227,0.0133624720728175,0.0749856322080557,-0.0370498778011433,-0.283884058210276,0.0534736782684358,0.0610871436108879,-0.0764856591526839,0.0106024379244647,0.0246313767526544,-0.154596577765143,0.435348836944285,0.382903415957099,-0.0779886103563817,0.0033610186079439,0.0649349806924049,-0.1371783590566,0.167126134770486,0.0150219116328468,-0.0381576815274191,0.365323393322595,-0.0949005665659745,0.288422574967247,0.148314414357316,0.0087354216648085,-0.145830572153882,0.0422152086641871,0.0269973648544108,0.0649931407821228,0.0292657451638698,-0.014940617891647,-0.0088137875281239,0.0827899081129753,0.0205872653017167,0.0210025582989398,0.205991021229392,-0.0662176139654368,-0.0042781824213752,0.220696247313881,0.002370533034409,-0.187967806381682,0.0456632791654935
critical,-0.138928753749202,-0.181298714473406,0.322813513284172,0.0176371638158141,-0.0034105535864452,0.379805811488068,-0.044435138134517,-0.219763985417943,0.0400099266567815,0.261712162681798,-0.191209412136452,0.0918293405646733,0.0369508601925353,0.108204763063033,-0.0267190701387169,-0.0770248742687714,-0.0441377026240171,-0.0867414488905932,0.191245662923638,0.120069630385285,0.0165700294606471,-0.353400379743466,-0.086669906140413,-0.0303842789931714,-0.0066813415743285,-0.476122789746276,0.0262902177379832,0.113875864302927,-0.204496246568047,0.470552566788213,0.0118306432552368,-0.0966917536236121,0.231165944188725,0.431077826262538,0.0182682914960288,-0.0197835531019908,0.0081368824959452,-0.0728973439545876,0.039591231547973,-0.0086904324709593,-0.0338065854537582,0.199570714468097,-0.0293394264500832,0.385410868208881,-0.0001078678408835,0.0103206849375022,-0.105241353064143,-0.0693266569000615,0.0095989816556452,0.0276333571622094,0.0819689789736364,-0.0448441122775665,-0.0162651963402957,-0.107553511309426,0.0543281047656277,0.12785283497039,0.369724378545917,0.0929129713532909,-0.0387674048105226,0.271976508661439,0.0449361125439881,0.139579996507161,0.0354245194762693
critical,-0.115083302855369,-0.195066543063941,0.0229214768204258,-0.22228196714495,0.0235271201168624,-0.112669751661427,0.287150804120453,-0.0390648606657026,-0.23070921713958,-0.0037664457339727,0.145652565261266,-0.0245546272291732,-0.307652110612987,-0.17012145536561,0.0369722160533456,-0.312470680121071,-0.298085350533008,-0.149642972979993,-0.0140653836862435,-0.436542225166567,-0.201073178076747,-0.0555338268020178,-0.305521140169294,-0.0310368483499171,-0.111367018891704,-0.0629039531258609,-0.210530891879672,-0.0169519259725573,-0.294123615463114,0.32489939396883,-0.216459527052993,-0.345159881251378,-0.159759916641963,-0.124169452129292,-0.249584651510768,-0.25838567519907,-0.219922758851876,-0.192362570005415,-0.273777628167591,-0.0700952951037303,-0.206515424395561,-0.266778773953704,-0.166934380046985,-0.0526349799713732,-0.0867757821387003,-0.101068612202981,-0.193483398217217,-0.159980131269597,-0.247810196150435,-0.200332727483465,-0.256029866128592,-0.169934308846443,0.0552387650246898,-0.0976213215663703,-0.136691357024089,-0.157161085808581,-0.203309753080725,-0.214279196813668,-0.185717612154228,-0.395692052321275,-0.112018039229546,0.296127103579147,-0.255956555078425
critical,0.0061430462919274,0.111406319960477,-0.166600599546027,0.058619756352221,0.172245820565348,0.490833442317105,-0.145967488820644,-0.110183964927269,-0.0777395839173286,-0.213634412424963,-0.440334171642943,-0.020566568056365,0.109696077678478,-0.0423687016498199,-0.167900483144996,0.102792509986039,0.187611937037819,-0.0712475618158085,-0.0269653423333346,0.190716528550963,0.0061122588622255,0.0821178751241837,-0.0278480381177639,-0.0520198602091194,0.0056658528773872,0.210104313264108,-0.176016317105152,-0.159663340553967,0.500390917951333,-0.5472205486887,-0.152344997310647,0.371027712594642,0.0756817813775471,0.0586104886575901,-0.0820971722077128,-0.250167014582404,-0.115073319635066,-0.141740634758164,0.188955202480213,0.21894394257598,0.0359542091707519,0.317998753889547,0.0252768003871148,-0.13943464874146,0.0844090747835436,0.0529678004195489,0.0331091247749104,0.000117319362916,-0.208543720171158,-0.131076075255521,0.275689255495172,-0.109227021556228,-0.138539855554513,0.0269332315309395,0.066024234709564,-0.0077489456215966,-0.0480693704582796,-0.0123374658653124,-0.0129958490674425,0.461550104164692,-0.0569820380835254,-0.489044045385741,-0.117449994523506
critical,-0.115890058439972,-0.224165810509332,-0.12541986973814,-0.213863451826258,-0.174925237440479,-0.0919106206682985,0.228110840133724,-0.295312688075466,-0.17818163416976,0.0650011748947735,0.0728815587557368,-0.0907052122356794,-0.195199602968936,-0.270664388746725,-0.0337075847560883,-0.199776560064598,-0.0661580337976079,-0.0344121815411482,0.056408555384005,-0.162219173225038,-0.139093847344995,-0.414706860724734,-0.220114338299194,0.042497591123056,-0.138459307193441,-0.433605306371413,-0.136989169522856,-0.113166204235775,-0.395138367648532,0.451719537794119,-0.156652610121697,-0.244060453386026,-0.0160097915193943,0.209289708247034,-0.212997563794377,-0.0777046587743845,-0.183900328637394,-0.156725032649148,-0.209854446680618,-0.165294319298885,-0.23571394031274,-0.381362346237163,-0.114139274959136,0.0136007773651216,-0.142156219483335,0.014320823922782,-0.114809124482924,-0.103897390315439,-0.0984346420781179,-0.115237050453255,-0.0904995455046594,-0.0790898312619192,0.095720139971475,0.0983747191345722,-0.0670722535402975,-0.0465599452677965,0.297546798445717,-0.243997197797072,-0.0891172331411689,-0.367967306341124,0.0037476507484055,0.034303176319856,-0.138493976637267
critical,-0.187048714547114,-0.0350844027079506,0.331238361705677,-0.106422860103525,0.153544610460785,-0.26625829752654,-0.0655210567421415,-0.0782226284670096,0.0642029586054241,0.318042740039448,0.353103336909487,-0.0165188341679187,-0.0998852199518504,-0.108564111867587,-0.0461316167666951,-0.0181799688694292,-0.249444812282955,0.113139661946743,-0.203990057891579,0.0818977159576561,0.0782781187470575,-0.0230741779194378,-0.12661267468917,0.110812683854621,-0.13836715760685,-0.427422367403077,-0.221728537736408,0.131304905178685,-0.0123037676617099,0.226906206412528,0.0659756159334218,-0.314295808607982,0.286947589827063,0.476366846822866,-0.194353722400955,-0.0372442674083622,-0.213032146127186,0.125737061257946,-0.050702082779808,-0.128466672606524,-0.0198506845763964,-0.148599271604934,-0.0946781889457518,0.218814363469943,-0.0505368068215072,-0.0734479490156612,-0.145274512372177,0.0033095028020043,0.166143365845814,-0.0660148728527413,-0.537934187345433,-0.114671861397997,0.0529940692423759,-0.121530524776479,0.165569540640494,0.169034152426234,0.249444774115561,0.0097670984901351,-0.041296201777627,0.200699729537503,0.143462361043486,0.50368473560759,0.0414044409212731
critical,0.309327941940759,0.262145069758858,0.175039177261606,0.3789236701673,0.0850836690302244,0.095558307646256,-0.0889530248192456,0.222215033219302,0.344559325180214,-0.0810529458494803,-0.193197547277523,0.116876220897847,0.368050858782408,0.259697510748693,0.38942537340681,0.438582723386172,0.281996041661565,0.47003133559068,0.314087191594575,0.382600901512338,0.338161590209993,-0.155304361478396,0.43647729888772,0.265143869313855,0.234136080029272,0.0827381681983593,0.510462534414391,0.326753582370254,0.0006503614202881,0.0796134034680821,0.343822596784309,0.308289382480913,0.263735067368899,0.0568099043838552,0.318058212024295,0.389768095941461,0.319137366285361,0.492913767620485,0.186552105500056,0.395755035108253,0.418726551065046,0.201158888662132,0.34171401341378,0.124681428121032,0.421982992462441,0.406578340976715,0.29472408537449,0.387784300604597,0.376507391679762,0.416167674564789,0.324245026628116,0.265994574345741,0.0828851032006185,0.283124043322579,0.416225874399318,0.417895150544715,0.3002853171505,0.349349016803003,0.208598477718899,-0.185049769534434,0.532820624275786,-0.0548210792242828,0.273735984817821
critical,-0.0574324416157475,-0.111849642943773,0.312089535680528,-0.141130231684094,-0.498266336225427,-0.0465436287630673,0.525685031403983,0.0792154998611494,0.0333884904072027,0.297603643643359,0.568323140126742,-0.060286757794076,-0.162694097517087,0.0311549940882159,0.158289683092329,-0.165886255770974,-0.293308970926409,0.185960118218398,0.0704580876820986,-0.147670209459066,-0.0711118712567446,-0.345238269404601,0.0191744948100791,-0.0213404708560292,-0.18072990469629,-0.415232060873056,0.218897317900925,0.331850858094765,-0.422071124231302,0.530878048956281,0.121666215903503,-0.320008750702215,-0.193808283404289,0.341757485899929,-0.0656034049315634,0.270957603797365,0.0475038292952572,0.0827218958287334,-0.101398353777851,-0.317016932408791,-0.206045670411533,-0.176239398538404,-0.078304562257626,0.268026893003851,-0.113598657052295,0.0442081754320118,-0.145264837847235,-0.114233012951544,0.287902493867618,0.0383374418133193,-0.203640529503869,0.159130995437589,0.0217900266322727,-0.240152011736632,-0.127034242455402,0.144098858804553,0.342260918667346,-0.0521210520269226,-0.0280956587964164,-0.261067829302958,-0.0609863068764393,0.307428875401117,-0.0473714317381148
critical,-0.0818856395831055,-0.0669050926103838,-0.155116992234422,-0.133661276224003,-0.0103692507858629,0.0859866007802879,-0.0004061790510808,0.0211104458635257,-0.246011659565507,0.0020661007698893,0.0406451916283839,0.0188514788782594,-0.161750592637328,-0.081298523467086,-0.103480719237006,-0.215294925115856,-0.138206154587416,-0.0994307651214223,-0.130669976759866,-0.240109792496234,-0.0604358350522463,-0.210635976288907,-0.0468513769670882,-0.126273116588681,-0.0769904624000734,-0.335515200023345,-0.127763169026686,0.201879559596054,-0.0237020335519474,0.301578506448306,-0.132697064742264,-0.153528986625052,-0.0152825869511875,-0.0783544035029884,-0.206896517701951,-0.12257196515482,-0.237829577343857,-0.171671847247521,-0.202336116711542,-0.0971934584433647,-0.115176786559095,-0.0114145943682169,-0.158586930039936,-0.0031497738316148,-0.140273638834639,-0.108030003254299,-0.15104786485907,-0.0483758501809507,-0.0853559541786135,-0.148217289196849,-0.112088307256276,-0.1211967098166,0.0690723297428824,-0.142289342813594,-0.0770339155992792,-0.161231493808003,-0.0551705156190857,-0.128259571062691,-0.120392939609265,-0.0860001436360722,-0.171183943389117,-0.0501080110803479,-0.124831197908784
critical,-0.153864175685721,-0.255415808421053,0.111341892477636,-0.190897423882317,-0.0069893346578451,0.311572067372068,0.13246635303511,-0.031212535779209,-0.0033895127674989,0.36493894079904,-0.179146999753306,-0.0513857743983342,-0.0997912358504444,0.0342045530831322,0.249632927551918,-0.166486979627059,-0.106775576618166,-0.0928057197183667,-0.0655808056675269,0.0874264220217826,-0.128141168959521,0.0894322905532416,-0.234658464509493,-0.11899340691151,-0.0506026007198889,-0.484570417280477,-0.181837967437639,-0.107622846570791,0.178287881807943,0.146493605606135,-0.193137796461055,-0.0067929797725365,0.270113110984057,0.297806364528772,-0.0742279573100806,-0.159620232935469,-0.0573956442428671,-0.254710927923523,0.0103169222970236,-0.19211379049271,-0.170702415642452,0.270874286485469,-0.128676047667128,0.129368173383571,-0.113426342449408,-0.148996830484375,-0.055250920006891,-0.101591115765909,-0.154034018030524,-0.13985106032387,0.0276538612528205,-0.106627136153053,-0.0357684190792725,-0.236310281270593,-0.144623481894706,0.0770928866064711,0.218790813670036,-0.201939691157764,-0.0676741758768573,0.458800268196447,-0.089618191777154,0.212437535520403,-0.111949913868264
critical,-0.007012817671933,-0.0162626618618007,-0.0129586560709887,-0.0117997248186336,0.0091129891084199,0.36540222780347,0.107941718806768,-0.287970774811603,-0.0015123881510415,0.0820373311962665,-0.455264526841561,0.0043872463583205,-0.006535535943224,-0.118078279493614,0.0461519180454508,0.0271679112141297,0.0036710141961546,-0.0922215112694442,-0.290051838721507,0.192211120278233,-0.0262328984627409,-0.0131500299808,-0.150039369968305,-0.0241414584041799,-0.0071622383527051,-0.14448806740483,-0.0372380793547147,-0.209786242968318,0.423936274129726,-0.407147034037322,-0.0808532297376213,0.159686575307982,0.101750793746497,0.131108788145651,-0.0554707324594306,-0.0796228726232171,-0.0114087699755009,-0.209712037103653,0.0916309576965803,0.102574767775009,0.0306149288719401,0.389199092126417,-0.160735682767788,0.158854857084481,-0.0276888788801869,-0.0660355426781217,-0.249131995686864,-0.0713349469905649,-0.0707551485278599,0.033956530481879,0.174643636947291,-0.01414675834927,-0.0748736795282567,-0.39454968073383,-0.0363231419570274,-0.215467957148815,-0.199274716781276,0.0076326622556711,0.036665972628946,0.259142329998445,-0.170557527053713,-0.241693864611396,-0.0570232615978051
critical,0.0719624364721532,0.137442557342986,0.0310012535318859,0.0763924622394492,-0.0873797846040729,0.222838573989776,0.220306577131366,-0.0470197634180688,0.247782045525361,-0.196766482718497,-0.303724738868283,0.150730330871127,0.100230152374823,0.171686624797525,0.0389333760386086,-0.0899425028357201,0.168716540089619,0.0778342409091337,-0.0023829784345459,0.219115210015985,0.0674841757080595,-0.126169225687182,0.0278614918414256,-0.0774773449706981,0.154625722195709,-0.0254550689543607,-0.0496228492434798,-0.175357323528436,0.0121852658427473,-0.224376354557234,0.0527387180636863,0.150969052899084,0.214179678357161,-0.0474012890845244,0.0905202977706145,-0.134235389970532,0.127702343281477,0.0515717088496743,0.214189072038867,0.330001949599733,0.220291678629632,0.298290397014419,0.0050925732817553,0.0145950614690269,0.109909417960631,0.12395080098716,-0.0243256566307039,0.174417894433667,-0.13215843424863,0.0637356670315921,0.193587899251743,-0.0150643336337728,0.0023219741503203,-0.0637521305217145,0.123896978022872,-0.14091789806148,-0.0622387014984966,0.11757835761028,0.103241070174834,0.0499233632775165,0.0998231352194096,-0.16262987993147,0.156627766263999
critical,0.055225596231306,-0.110878915643522,0.279167883970789,-0.0017829860054952,-0.181443657625951,0.165202583116166,0.278162067456768,-0.106239817310521,0.0389759288884513,0.352890450905651,-0.116972319395809,-0.0700024520034085,-0.0092454894615586,-0.0893628566864307,0.112626585443597,-0.184701438543717,0.0402468666224082,-0.0815368894792283,0.287077135821948,-0.0947510331130546,0.0114757663758131,-0.342382187112848,-0.304330547614716,0.0338965484240216,-0.0802941149143967,-0.575842512265493,0.0554565114117643,0.0708872841476019,-0.43714536125668,0.61799986235694,-0.0255596386532809,-0.178951216624891,0.237269104654826,0.50855594217721,-0.127783502453857,-0.0601009151283922,0.0139139302701027,-0.0239594532530028,-0.0720326029900664,-0.0870510028414644,-0.110048758096818,0.144441871735161,-0.0427306009901369,0.419292236436514,-0.0378435921193412,-0.0841126685066993,-0.104208555045602,-0.0043762359895248,-0.0477123097088616,-0.0391754839039895,0.0765005505968771,0.0169470171905897,-0.0178099065630682,-0.395585176929409,-0.0783303682524495,0.0576215539884577,0.376711428826772,-0.042095985221179,0.0125921726428764,0.279962046088153,-0.0399746263674448,0.257870873539597,-0.0658152863791711
critical,-0.150019891344822,-0.193026620858348,-0.202871230187146,-0.289559724146109,-0.16157080825662,-0.163099083193822,0.111718198975324,-0.080649255285661,-0.255250236924236,0.08231510536107,0.386794635942211,-0.0556518278091225,-0.187609201953097,-0.102376362351229,-0.297172141372933,-0.247734422233936,-0.249461999669346,-0.169231064875988,0.0085706721848999,-0.301978663771528,-0.168252982889569,-0.211609579820274,-0.109580401841027,-0.321148933637172,-0.0667426319183064,-0.0228843030588307,-0.199079647256048,0.124422958309748,-0.302007256635706,0.316475439205696,-0.189755401250926,-0.269637781766587,-0.274896000897465,0.0111610514389208,-0.221513995965887,-0.0113520657775198,-0.152448243882871,-0.199685779272859,-0.343218691132655,-0.356359674892856,-0.27484396458873,-0.318684287152089,-0.213358552168152,-0.127466898779569,-0.192472508491509,-0.223206072927881,-0.201146503245152,-0.068988605821188,-0.102797220038047,-0.254527012192043,-0.35903252369291,-0.214790520616991,0.0893024412267949,0.211729806494826,-0.175439438834034,0.0820236334596573,-0.190253373824202,-0.266713128043588,-0.201779745952159,-0.0209619147842298,-0.0768255154497117,0.047400976686538,-0.181265832372981
healthy,0.179234731544293,0.024137906308552,0.0406897708504873,0.0307996871226536,0.270369070638253,-0.15501959858875,-0.195968838178454,0.0599135213202858,0.0326969189772544,-0.0185227434335887,-0.324463616973081,0.0059849551186209,0.261075524911165,-0.0225753320000946,0.104340639376724,0.193105113310163,0.225330608504871,-0.0146621358567521,0.0394574935945404,0.256178538510461,0.0529000677030368,0.366226194268509,0.109903363971323,-0.0309938747271018,-0.0495360429266627,-0.191792512497218,0.0393413477609485,-0.0162201127883419,0.285740504099175,-0.161457655661907,0.0572271002274316,-0.0333495950440302,0.26548367463576,-0.0304025095390155,0.0043874657548771,0.0171764430911556,-0.0177226344446973,0.0397103992040139,0.211603692041589,0.0321059947259198,0.0425971729778193,0.405178695194852,0.0551256499066763,0.0521700761537801,-0.03396336605582,-0.0034031870591808,0.154697273151641,0.116811083853986,0.0597682964217087,0.0601132098630341,0.177175522300926,-0.0105287134868292,0.111797003835068,-0.501190926003151,0.0066732673908127,-0.358319790783077,-0.0303742304164491,0.0113991538801501,0.0545178988630981,0.350930735748136,0.0339364379848127,0.0170619186348706,0.0656615911464517
healthy,-0.0836909371725754,-0.18082503778549,-0.090388671273431,-0.232604000126193,-0.383566986535912,-0.0840357039291328,0.040041831126678,-0.154805371712802,-0.0836875746580105,-0.0538760505667767,-0.0416801239390102,-0.0858323247274939,-0.300080593994059,-0.137331897303268,-0.0960727963125861,-0.30797067856182,-0.354350685429534,-0.10539072545389,-0.209450597326366,0.117680670204027,-0.111868472727925,-0.415407401376981,-0.338106793216562,-0.123302227815745,-0.169801160987791,-0.0459800587821149,-0.182273636945431,-0.0161023481843978,-0.284015629518435,0.074813665670417,-0.174658458471933,-0.339923269084728,-0.139170366259034,0.0525179858204561,-0.215632305023968,-0.212236519142855,-0.21393325199638,-0.248491571319257,-0.260843211630081,-0.213337326940923,-0.224383362301515,-0.210427866951898,-0.192803280140189,-0.0253003170481845,-0.0135504843607845,-0.172281198602468,-0.264621357132148,-0.219149142739795,-0.196231423064967,-0.185216891755069,-0.16835466197538,-0.135037229972851,-0.106621752606109,0.0618688112165686,-0.0726818733057673,0.208331038324821,-0.105496159213545,-0.169197064739318,-0.0344632634052617,-0.140630179844946,0.0044124545239018,0.165431779277074,-0.200021660053268
healthy,0.126278995322931,0.0501867739933635,-0.269475516580104,0.0573527882519867,0.115662022412455,0.0135324697745117,-0.13774249318673,0.0690796646854515,0.196003013950803,-0.321711679710712,-0.466292442089322,0.0545088277303131,0.0871467222023123,0.0429065478168584,0.0261312998518119,0.126832890892147,0.217355648430571,-0.0238471590821768,0.12955028010351,-0.0152464181908435,0.0969672338310961,-0.067835253314404,0.441480617698238,0.194577629845106,0.0449026237407458,0.357606718335967,0.0826718285050227,-0.198073894110854,0.359915855963148,-0.367483460603048,0.0391749188257132,0.30396228117794,-0.110432140433574,-0.489549459668802,0.195936962961381,0.11981747670631,0.170625434011362,0.0925220652149366,0.217434258216781,-0.0621639855876883,0.0524652002660134,0.101010682486062,0.0279565337835713,-0.199070308493422,-0.0532245360340288,-0.0145970674317758,0.0677725985078127,0.100796244930685,0.121594935516619,-0.0192021627458824,0.142269571529327,0.0558823491343486,0.0717650830384787,0.27036081374172,0.128185242235484,0.057910623685838,-0.384071108306748,0.128129366018278,-0.0442814765949101,-0.0141015764018223,0.132021403108288,-0.150009721175979,0.0975322167069785
healthy,-0.0327590966194156,-0.108847209124303,-0.129506541833289,-0.135489123393184,-0.293154810274539,-0.215207043956724,0.241727435930134,-0.229122740833249,0.105122488902558,-0.321923626106878,-0.0235917141266991,-0.0565934888014296,-0.0089721055437772,-0.0980118766459432,-0.005652994527273,-0.0147716015829874,-0.0561515864838572,-0.0005093301760199,-0.0195027720996916,-0.0834699900007724,-0.131434527652953,-0.358766150925209,-0.15136679701678,-0.0121862176089076,-0.0751170401423032,-0.34253577387546,-0.0628766006040199,-0.237793792300607,-0.100605342473574,-0.246127690040504,-0.0921274308023037,-0.0590448326593673,-0.0953976761805885,-0.119191339232349,-0.0838559954667922,-0.0139691490027902,0.0215835949994507,-0.103426991066119,-0.098749201717851,-0.170136710049195,-0.150138262826801,-0.0826235896830043,0.162996198097215,-0.20815842072589,-0.201148407226277,-0.0725756104550467,0.181613006025164,0.109334004465632,-0.0030062746421448,-0.0569989545428053,-0.0165580972473716,0.0293362604800124,-0.142031673759748,-0.301172434944599,-0.107111623446019,0.0849644249419055,-0.148574882920788,-0.124845084916823,0.0226821051608159,0.013952749624961,-0.0201444488464945,-0.0937277162286454,0.0388970962517453
healthy,0.158246852755714,0.104414686974162,-0.0640272056274408,0.151939862325205,-0.101251164088383,0.112438776738367,0.280928058724776,-0.0049117257151892,0.0991686775137468,-0.0976742848230203,-0.404709569387501,0.0477852195974289,0.205067985154485,0.040902558726657,0.305148725379165,0.167193838239829,0.184744153696522,0.136154113339158,0.104899605407043,0.0598961067920113,-0.0348838568020608,-0.26294752842505,0.253343885635503,0.10048165932567,0.117558325103912,0.0084799392711068,0.172112785646523,0.0171347115694497,0.147890616776294,-0.0971389930044195,0.204978827571242,0.165055885697435,0.124081617591622,0.0609351314363765,0.186586188731597,0.159893476690865,0.171934144603459,0.104671714493049,0.228478570911923,0.132007992487977,0.167932348953385,0.326343692632046,0.19428072420965,0.0107860004878921,0.121537602027574,0.109866192760804,0.201602666317411,0.118652820501823,0.15249775223821,0.127337330023276,0.215750770515796,0.133316574688092,0.0551788231534473,0.0130833401321931,0.132656654673538,-0.0817227601493377,0.0145553101285946,0.176342546705086,0.031009900065466,0.115967065330883,0.100428891078067,-0.276666190342586,0.266612629538405
healthy,0.100370216970357,0.0217315902607053,0.0384464739223053,0.179043695884352,-0.0557479060818733,0.007804773041345,0.459330627922889,0.0200932585361687,0.358539760521074,-0.270018183581861,-0.258964702238172,0.0593328181331893,0.148394718510293,0.0847232457949244,0.268018862415434,0.192657569312563,0.132463136953502,0.208928348287308,0.0604050881606321,0.0787654930773804,0.0659816316331132,-0.293516970810004,0.143045542446675,0.0127480419653943,0.129921915572333,-0.103078407106066,0.107072309080192,-0.0829489046164065,-0.0270093337149945,0.004477807794318,0.160919546518939,0.323490997962198,0.0363132327011218,-0.0653702050465711,0.107122343696826,0.19586635258312,0.194042027410524,0.203143706164525,0.139305972207941,0.0961079561494502,0.182156388134791,0.193410386302784,0.178996244097941,-0.0133710718125574,0.0295990023898148,0.0853180524052049,0.252335837706461,0.114786453539139,0.124940523654459,0.163179784598984,0.0986574911124857,0.194896783676511,0.0935314535941358,0.0169580031957874,0.0972526488595018,0.142838782253419,0.0014601176413894,0.126963903615793,0.15833348560026,-0.159116098506375,0.145600571349976,-0.343305205233765,0.267131051327903
healthy,0.0006930486382606,-0.0466193270769596,0.209809554811658,-0.0757815030748056,-0.0420999282378193,0.212289575915099,0.076182464647133,0.163839350474574,0.0817377382182696,0.232409088665375,0.150565908119046,-0.0392398417702662,-0.012025473468237,0.102801122022771,0.0204812250773812,-0.022890673264959,-0.0769543946762305,-0.0367238138709808,-0.0321040138853424,0.0009952676628202,0.0785599505725729,-0.0052478517292713,-0.0159903239082003,0.0301991551386446,0.103778423091682,-0.14914210843295,-0.0016402683407622,0.224386980767768,0.110556841029348,0.0753548835656542,0.0123871692268341,-0.106918931775582,0.163979060170398,0.130243668618104,0.0241830734811797,0.0629603495129805,0.102152151432082,0.014806801028839,-0.0408599216672905,-0.0003203472821461,0.034811414816523,0.0651090604587177,-0.0632760329775239,0.16846581055256,0.189037113859417,-0.128962353688246,0.0663946854502817,-0.0499623709304325,0.0378949028923947,0.0583502454833146,0.0140527754952439,0.0620444711638819,0.0837753294660394,-0.150485324949808,-0.0374722351202523,0.0224544272014279,0.140607710324732,-0.0029451987391592,0.0611689972401776,0.0203257428078944,-0.0816243965327074,0.0710937402503778,0.017160938417068
healthy,-0.0636999644008673,-0.092705234535292,0.165985788849176,-0.123628358108843,-0.39409447399655,-0.33219195063763,0.523736983355874,-0.0402333566942396,0.211068716354244,-0.195075450099626,0.332906066156613,-0.121771268372058,-0.269511292384475,-0.0373760838846696,0.438692576679963,-0.293553286913269,-0.295492234935798,0.303361883244298,-0.095813239723809,-0.0326508945816679,-0.0320289180468278,-0.459250484480237,0.0132708596601162,-0.171516982896019,-0.0622308180887915,-0.385849372689175,0.193841662865331,0.0226984880599127,-0.518968384435627,0.253062696132101,0.0682270003379579,-0.168400904452316,-0.0793498527475054,0.0955246220756619,-0.0557909745005431,0.191934067050287,0.187034362856803,0.0432056011082918,-0.21815289213222,-0.31971050184322,-0.0305980743789117,-0.116584591942095,0.178250410940482,0.0484985065492128,0.0006170469133246,0.0309971970595715,0.147308987006148,0.186334109572601,0.172695284439244,0.0091079070433414,-0.311952758720402,0.0308569088736244,-0.0517452101097474,0.0504218156528177,-0.0149518157480545,-0.0394765349950273,0.0104624195564868,-0.0783143954751428,0.0090747816030055,-0.0853602107736945,-0.0006870775427569,-0.0314696863447057,0.206195936494406
healthy,0.191614062081388,-0.100668417946681,-0.323769918792254,-0.0166464133472518,-0.163616490855403,-0.331616270563718,0.416221301576965,0.175212209929634,0.157382414736761,-0.562137503955105,0.224841015534512,-0.0168760630027916,-0.0538877373832851,-0.0323487021379702,0.350905302892905,0.0376445204295553,0.058020100556856,0.337867858685153,0.0296972977072554,-0.387537895358025,-0.0417036896570464,-0.270502226795343,0.117189750550596,-0.0585888059929187,-0.0101811050021783,0.0360503188141993,0.0573804670023233,-0.318404195585834,-0.364757000595631,-0.282413344405381,-0.0221331048527633,0.364260516906489,-0.305137279614033,-0.468038286386925,-0.0213752776200121,0.0774695409164967,0.205260997038822,0.192262580261604,-0.124963347778667,-0.0817595708938913,0.100401489457763,0.0633884843996254,0.0938544239929086,-0.43305618671452,0.0522951320499351,-0.0652356718224017,0.284629898408862,0.0675800307252919,-0.0103225689381699,-0.0494981799373457,0.0691312384215365,-0.0305956975391624,0.0484605880789592,-0.0164671806093648,-0.0870492524918802,0.0891608314637166,-0.274410844962176,0.0040569501528568,0.100600852946013,-0.371684881842484,0.108737895820597,-0.445856296909605,0.306642983725265
healthy,-0.167600531514136,-0.234077573470141,-0.119768373779271,-0.249665004238856,-0.376856740261474,-0.110795144985809,0.299194895543141,-0.0962465985146459,-0.176938172518926,-0.153172974629375,0.234520267037068,-0.279876581574421,-0.370637945056805,-0.206141086065668,-0.0816343207597455,-0.358201917363825,-0.21993861501188,-0.134944058118003,-0.246320745650482,-0.352192089825452,-0.202270116645888,-0.362398616268039,-0.218727594680337,-0.0904866528346941,-0.206145670814964,-0.215526105896981,-0.239261997590628,-0.0348897774328322,-0.338129086002544,0.20868028584465,-0.272500518347022,-0.34380706371626,-0.14632395866024,-0.0788010136352952,-0.303369059503038,-0.128691657508904,-0.207530203232421,-0.196263892172064,-0.352519734471411,-0.302042510850107,-0.263135586484051,-0.366232837955513,-0.0764995326775162,-0.213373154008622,-0.198865617768971,-0.0501060315318165,-0.0253230660195552,-0.0545838708423237,-0.152240718825516,-0.194630621593863,-0.261951375255872,-0.224993327157473,-0.0577187398013257,-0.166111619244812,-0.19844221245749,-0.0547775999555713,-0.21408595218541,-0.280352063760259,-0.161618147099622,-0.28412740145228,-0.10093703602456,0.180975517145102,-0.256551711124711
healthy,-0.174780582224194,-0.197746666384191,0.0290148666344321,-0.25344947072558,-0.0411515891023553,-0.0046634694807551,0.312871403568001,-0.0254252407815689,-0.120199184944567,-0.291308096063097,0.133180650854175,-0.155377700494015,-0.268818338039387,-0.20068238637321,-0.0407059491033184,-0.314352899268879,-0.123369443882447,-0.0627526598804642,-0.0353266877028264,-0.314522779523956,-0.129236671800975,-0.172233448200047,-0.282627088675331,-0.0510941698916899,-0.157289034241136,-0.0801321204296278,-0.243410854795443,-0.107770265137456,-0.149273028581594,-0.050793633304224,-0.229499527159279,-0.190015333874752,-0.229377840600644,-0.229619316225094,-0.268781941374263,-0.359772746282404,-0.150306985692614,-0.206446589771485,-0.343718771648888,-0.22128187307144,-0.222304110707468,-0.128339199768792,-0.0642152890882139,-0.266375842789939,-0.0119508233763499,-0.016447345106894,-0.11138935774041,-0.040711276848398,-0.278715124793711,-0.194530174007593,-0.241146759415987,-0.224900352059963,0.0485067349455988,0.138370833517278,-0.112148131786468,-0.0534322124742095,-0.153225851763184,-0.286161105110394,-0.0894951751129751,-0.305651416101961,-0.0158777537502234,0.0870466285222224,-0.159112285927181
healthy,0.103197420442228,0.0548431435247326,0.391212727571182,0.0554732789206816,0.0034724374701033,-0.537782708288007,0.724689570494972,0.109551473258249,0.122536327945752,0.352738060495528,0.678856021422209,0.0670539229007336,0.0216549636721672,0.0744114075886505,0.348393388908786,-0.323535659125345,-0.362237854752172,0.460301308544285,0.0015586326436509,0.398518139446488,0.0173275007621429,-0.685741937906081,0.365984621885518,0.0639445290514536,0.111900911701276,-0.507257825653223,0.410587814702781,0.51475617767297,0.357585583356015,0.606648068111144,0.400575957225942,-0.148903212355388,-0.144753280315708,0.501858035195531,0.156638893323211,0.600788044890552,0.411571071849846,0.234888867343595,-0.165819831982446,-0.531146204402287,-0.0227008053549185,0.0149797141221526,-0.0586309351673464,0.403009635828937,0.0290456460273612,0.142704752514633,-0.131024517337513,0.0618686083010278,0.576324989233908,0.306064582477114,-0.698977542731131,0.324172917363734,-0.657552198987776,-0.170852389917075,0.0575162197125657,0.112569879850218,0.466613017935864,0.244938539220306,0.131112213593631,0.186548043704746,0.157785635498135,0.448549574465719,0.377079619636218
healthy,-0.0009075571490799,0.0335953590815408,0.0320352976831257,-0.102269277964583,-0.0836964048750129,-0.153205387287161,0.134544191527407,-0.0563092651799669,0.0710311492640276,-0.201623792632187,0.160305962321057,-0.212212641779278,-0.0211922372037418,0.056240777122865,0.188558246463673,-0.0060882238361661,0.118721643369075,0.252692622891633,0.0312651768181046,-0.0113867831420886,0.0042395936759806,-0.186791672700979,-0.0752214106805673,0.0961304894181681,0.034070693853313,-0.216168212611855,-0.111376400473799,-0.0149979208980281,-0.295780133293591,0.0877870569484792,-0.03794587479448,-0.039357241745277,0.120124859791751,-0.0582496370149512,-0.0827441045360092,-0.0455710886049325,0.199389379937635,0.0082081300549616,-0.0315760114773197,-0.0263284683613345,-0.02678159670115,0.0758985454464105,-0.0032064133269511,-0.0513628719798825,-0.0210221424813095,-0.0365276637763984,0.068242848336202,-0.015446506991581,-0.0382309323737321,-0.131377853934333,0.0897090473734088,0.0035863254915657,0.0274209050902173,-0.308370213450184,-0.0102545318521864,0.210522352850192,-0.0443948939355268,-0.0066818578753225,0.0178434053698247,-0.187839315763197,0.0962976094040717,0.153005154478468,0.0530886697717111
moderate,-0.285314238314175,-0.156079404382902,0.35210901388116,-0.156898596804612,-0.409653232751979,0.103322393867358,0.512092290819268,0.0319360233297816,-0.0060817801023489,0.609484675414115,0.706602065538944,-0.0275644493980345,-0.30825534304798,0.0903131891123348,0.104679552066124,-0.384110869968735,-0.294523818607463,-0.0620172005770705,0.0429437840784081,-0.258432708030208,-0.0953274453758021,-0.442053040255937,-0.0730751504834811,0.0330790744328901,0.0132275458337961,-0.278784483993767,-0.105177625000125,0.39214727449754,-0.49750404505444,0.68328569104422,0.127090958364226,-0.600079077472475,-0.0704275726752961,0.669640576690529,-0.221445768604996,-0.205556503767158,0.0030631733940552,-0.101032986013149,-0.040127893974846,0.0052995791462486,-0.0402341777462972,0.136682113640475,-0.29604324815235,0.409114207946907,0.0634787492716227,-0.0286759952978328,-0.407828861135909,-0.200432580227071,-0.114124679522156,0.0174521680616515,-0.235167230479938,0.0149634408896196,-0.202820993375854,-0.0254113586840529,0.0193470975174811,-0.0612087611779467,0.290756687291433,-0.0749814256215968,-0.0512698583910689,0.242520520094059,0.0060627394427032,0.270370328350114,-0.233330816382386
moderate,0.121492524594806,0.0286073886412464,0.208888755348481,0.0344500376222191,-0.370813420682608,0.05377246589954,0.305853831788418,0.106049661914031,0.100008985440459,0.17585414804393,0.383171217706803,-0.0084280623742153,-0.211745565057416,0.237332309501687,0.167112869093289,-0.405180817294334,-0.250112205788396,0.132864418460608,0.0288426310178229,-0.0092822107748751,0.054149993751686,-0.459445402051828,-0.282392831600621,0.0372186468300485,0.0759479242059408,-0.164273582861349,0.0330946405763888,0.23864699787344,-0.53711871259379,0.621528187678361,0.0485929154658848,-0.320970073635844,-0.244774703248502,0.269234891197764,-0.0562732838841579,0.0964091876867605,-0.114934917106505,0.126561851579061,-0.237970937020493,0.0562401976713396,0.0167896989887898,-0.271686120311142,-0.0732346034670574,0.460398241301232,0.055749596385719,0.100352060445208,-0.183925812194708,-0.0523906650645021,-0.0484155452205903,0.0122953393945322,-0.0465301734627072,0.0581335345123752,0.118608528168041,0.182951121398509,0.0656819283520686,-0.0017149980816529,0.357656982257582,0.0890411623014988,0.0463671586922512,0.0287640331054348,-0.0377944198837594,0.346189855066565,-0.0331575859851126
moderate,-0.138329889920934,0.0312979515139298,0.0373880446430325,-0.0893047932645303,-0.0138970332672898,0.228897723735871,0.260987055808117,-0.0406391066155749,-0.127195421113289,0.121610912330164,0.254662685587911,-0.0403601990692718,-0.205431367854316,-0.0882358083297411,-0.175655335538737,-0.154492257053384,-0.297552688114852,-0.0167593589293193,-0.107986641385919,-0.0744930653760831,-0.114094239882118,-0.364194886618344,-0.151549470148571,-0.113320246309027,-0.239975680567049,-0.0494400071178855,-0.215302515837707,0.0300433673028643,-0.232823795515789,0.341536755996984,-0.151514130706121,-0.16271010266429,-0.15631883023706,0.0788697615702091,-0.114867241092365,-0.0843410279944008,-0.176127464466386,-0.0583922740603568,-0.214145907853227,-0.124989569379651,-0.155360762789601,-0.220219388830648,-0.145499928587052,-0.0550680138489047,-0.0967708379265329,-0.248243797884401,-0.165218597946089,-0.145929838849759,-0.148562160314885,-0.207745893327951,-0.167612453443226,-0.205421783698099,-0.170055577623491,-0.019512760099284,-0.203619277479735,-0.160198520091886,-0.0330390882815924,-0.142305140666814,-0.179244799981727,0.285992652093752,0.0572847771816289,0.067144163007996,-0.173803927538726
severe,0.0841931935233454,-0.0247981995667286,0.022846217987782,-0.0195337966095793,-0.222427168824577,-0.191759446347424,0.141550821942876,-0.0003956556609152,-0.0445239805411395,0.0211705638681102,0.514682394786813,-0.0173392348032572,-0.0218647282074065,0.0519444267662051,0.0903985756949143,-0.0402254962758882,-0.0402491750842204,0.112822812795038,0.108342718693405,0.002131649368079,-0.138982086238307,-0.0520813265107149,-0.213843687954739,-0.0686503909810039,0.0894901319265118,-0.210255685443433,-0.0281729335831912,-0.0635985253863675,-0.458799475786841,0.363696590100698,0.0449111691845138,-0.183588959647988,-0.0631570082092265,0.293850927225695,-0.0420284848574444,-0.0448943121331873,-0.0698573606552347,-0.0073503856552523,-0.325120091417896,-0.130292924436929,-0.0215343933245863,-0.320566054927461,0.0724887764871469,0.155724551708786,0.0023310074265416,-0.0458098405434559,0.0812757757890342,0.0201361918010182,-0.0376543467225577,-0.0028672678527108,-0.0689529980126953,-0.105214281782163,-0.16674779594503,-0.180760104426719,-0.105944204495315,0.0407031504158218,0.249621892063269,-0.0476286669681363,0.0428345111931592,-0.365760671495711,0.0077711359869662,0.1699360235099,-0.0556816473868477
severe,0.10166698333199,-0.0047960825656375,0.564462431713244,0.0133538279159856,-0.203977804823675,-0.0820665952075468,0.113886386879576,0.206184438207351,0.0970735440977537,0.416285233944609,-0.10552128204577,-0.0326868508487422,0.061132901109638,0.132686060597907,0.365680300226276,0.0555659461060766,0.0339835206700247,-0.003886364234412,0.445313250712435,-0.0521477349011326,-0.0347506530799737,0.119949343252787,-0.208389719414743,0.218191740879609,0.13999682757111,-0.679013762236545,0.0758426810478494,0.0111226209581515,-0.280967214148907,0.608985739649693,0.0715064504811308,-0.158426638082863,0.567409552630745,0.337385025310169,0.154613523607077,0.096291095221726,0.121747918615894,0.205160301703329,-0.066215274296023,-0.0215020392612294,0.114778729362295,0.0255679971502751,0.282093379330529,0.215853795668517,0.0081169489770448,0.0002354579787438,0.300942960701521,0.261568507689554,0.0086926676926828,-0.008035472762369,0.0798838186574261,0.0183403106890502,-0.0769929563554381,-0.458498158453882,0.146434347134465,0.144078990770985,0.379030062020533,0.111904084081114,-0.0137822545051908,-0.547536856548151,0.187037883920116,0.117568911646974,0.163047433251633
severe,0.0627866473094729,-0.0381319278605762,0.300760458187478,0.0129149997971519,-0.0923364384195386,0.006468647335145,0.218440428760294,0.0065083770272677,-0.0705774061141996,0.244260700886383,-0.0901994174044255,0.0284443724911706,-0.0278965990405917,0.0654493370551506,0.363621187101805,0.0733681745586545,0.0544334602663759,0.147360987132989,0.282743061178252,-0.0396079091106641,0.062902813968276,0.245769128663925,-0.14729478687542,-0.0454847265505158,-0.0224029108846278,-0.408305771685561,0.0044417255390525,-0.0557188848991396,-0.334109584931886,0.22864346623334,0.0624722859920515,0.0281127887653665,0.434646662767975,0.359299651122483,0.0958453260924194,0.0448644764000387,0.101078721387011,0.0850236278497238,0.0468161511484735,0.125769256219451,0.0787643026712068,0.207072149404488,0.181648451575506,0.238976325476603,-0.0563428305373922,-0.00185207114657,0.192726761235861,0.112915551819512,0.112829826297746,0.0371453775193133,0.146782922974352,-0.0039730309311566,0.0385548047263919,-0.426746678964752,0.0129244875752642,-0.189594386616287,0.344570684064996,0.0710870431548488,-0.0823715560189253,-0.245763930720002,-0.0064760568812495,0.0801447231955674,0.215289055337561
severe,0.0277663969457092,0.118732673158262,0.372665973631709,0.240201824637094,0.161846507372914,-0.0559569334048187,-0.0294070763478553,0.0749645806847398,0.0686969193259643,0.494939281421369,-0.184704961264531,0.0734358077703456,0.109930142128273,0.0226050288393394,0.153518620034132,0.239081512900921,0.108265614519678,0.161214312756762,0.290184669243899,0.137638794457732,0.151448299556719,0.274007453313499,0.231392923394953,0.145507803407945,0.0795672780977633,-0.165604462971357,0.0886372195241122,0.257055861454063,0.215462923986921,0.190530730255921,0.238368306219596,0.0772453737840531,0.362550316296712,0.180605345251065,0.268932954604183,0.216584930088776,0.0637272583341281,0.112418044981502,0.280801092043894,0.203432845259543,0.14086768659791,0.369442426238131,0.0033367146752065,0.435922518081176,0.14176451993259,-0.0920424839125106,0.0133641849462178,-0.061267631502852,0.226386678726163,0.237515880699163,0.133957738130903,0.119957117760011,0.239238691283248,0.0064414882800112,0.0053336841226824,0.12837575040646,0.393836280151037,0.206897892103825,0.111362404521164,0.239950721129839,-0.10666047268426,0.182866952166656,0.176389118131106
severe,-0.111398917355355,-0.20594919208805,0.204244455635372,-0.0690379153083237,0.0579686590872281,0.412504783530738,-0.159622156639199,0.108226983477597,-0.100897532628867,0.522097159313425,0.414883583549659,-0.0218097526485047,-0.121672097979099,-0.0457449215211945,0.231361533670374,-0.149523678546994,-0.0323872332769456,-0.0959280442811661,0.0968857061133906,-0.195623913960738,-0.128667834877925,-0.145997960074564,-0.122237848967689,-0.0996857864416963,-0.0359786574872896,-0.505736452195171,-0.077556356303087,0.265393079214379,-0.124492870769125,0.276018115593244,-0.040768687188511,-0.333246929812463,0.513682715581836,0.237847226500996,-0.0914549433228927,-0.0319280249349701,-0.0438688099882805,-0.143249570552678,-0.166303340150922,-0.046443183909523,-0.0439237311397776,0.306125186149372,0.0484227289166552,0.336553470046212,-0.0730147679744165,-0.0167286269934762,0.0779751528440101,0.0810373740140587,0.0064998213402399,-0.124373921810426,0.0161480504967466,-0.105371552132177,0.130704516143047,-0.434824569929107,-0.0800913694594243,-0.0456346211204769,0.0070162334109745,-0.0782838113497496,-0.0013109799662067,0.200974524657437,-0.0077579272694924,0.36259265239369,-0.0219209071121388
severe,-0.110757512992435,-0.202757934992908,0.361060642164065,-0.0931071815017765,-0.190495534981464,0.358028897305685,0.0053384763410677,-0.0275123301720211,0.0715496133970346,0.410377633929257,-0.273859164100826,-0.0226486339441733,-0.0257599468338564,0.0518856205864161,0.0882305617055444,-0.0430265953894307,0.0291987088668217,-0.0214151641965848,-0.0489225092053083,0.085598031489049,-0.0379665613539925,0.360277864768837,-0.210411120372163,0.0013881571012216,0.0302168225035318,-0.371080618196132,-0.0417036863203834,0.0841386809329833,0.125818397880929,0.104467995888953,-0.0517083926231117,-0.238256710406362,0.368840398829269,0.302806794862759,0.0215371220366489,-0.0214842091637121,-0.150754096517529,-0.171740652109368,0.0797869919900476,-0.113127084931397,-0.0327156281645714,0.217950240048916,-0.0534803394325719,0.257506661089369,-0.0453729842201144,-0.107150641114675,-0.149747886846411,-0.0671214938028538,-0.0807180858941578,-0.15013994515426,-0.0192729429785506,-0.0908797029095307,0.0542223186571833,-0.275528241923882,-0.0858843814905295,-0.542458449448746,0.206744975191911,-0.030527093668221,0.0408732514350256,0.355002100120167,0.0940985440871332,0.30027896318137,-0.111965864832438
severe,-0.0033898009803893,-0.0858093539494077,0.359149691704499,0.0758905143615941,0.0601710771754211,0.37692502157425,0.123293975733506,0.083487168048495,0.0219218050619487,0.353611312211951,-0.344956580249682,0.0687212263845138,0.098541176602821,0.0674885471328438,0.225521953610166,0.0354269682152516,-0.0178512859263976,0.0238401248014547,0.172291819514515,0.123411389107099,0.0750016060469214,0.229896433755224,-0.127003896236767,0.0617646537852144,0.043941623260811,-0.352628733816678,0.113571474097656,0.0316257989996476,0.0406182635157704,-0.126100111320734,0.0291787609875548,-0.0853693494480399,0.361279431599061,0.159164635137252,0.164197535477886,0.0248721294186079,0.153015768133512,0.054150802340965,0.0351530013108212,0.0972887491934823,0.0734863471720168,0.391145418721195,0.0574850110869896,0.29117479869487,0.0218271509011179,-0.0507769440802049,0.0925789417625977,0.0739996873427575,0.0442907977817223,0.0188900278378136,0.132225702640714,0.016315546016618,0.011288709065017,-0.379874850333315,0.0103768405211116,-0.316498134279713,0.3592835362213,0.0042502746442339,0.0345436629211038,0.374973929010456,0.117798905263066,0.129034311457141,0.0256661583259491
severe,0.0957939105675278,0.147733688271759,0.114272791545425,0.141636506863906,0.104684585819218,0.530070435841187,0.177468410601066,-0.281774640260226,0.134764348686343,0.143100021416279,-0.501750458432799,0.152600091640252,0.200399251637759,0.200329030807585,0.0372441047501973,0.209339540205566,0.107895438734052,0.0754028167152445,0.0978855121803671,0.614154072969372,-0.0264924553837559,-0.0554191988698217,0.097729228378616,0.110529846431406,0.117412191880157,-0.134245158739536,0.207445908003728,0.0095450802565845,0.513178976233646,-0.271654690750773,0.267920983178062,0.22991989660591,0.292227309797056,0.438566876773426,0.23748735136771,0.338347541850345,0.111628714160105,0.0183851577886708,0.239052913235431,0.362057605738229,0.077175683904568,0.515349426787649,0.272341022770152,0.212840483816327,0.081445799837163,0.0012930381641127,0.195731309415338,0.101728933199846,0.256432488746757,0.201861325658672,0.351649114227304,0.128804322535573,-0.0688586305751915,-0.23642107131247,0.0585566516145699,-0.100783067927762,0.0778268167687784,0.196659545696053,0.0491856412768278,0.584231816639718,0.145641717272011,-0.117539820436382,0.105142200862197
severe,0.0023595132142331,0.0549448896182342,-0.0075566000855824,0.0048743776394954,-0.207573462154869,-0.107340001185239,0.156629691593758,0.176248756137846,0.057867627262784,-0.0913996939724203,0.208443658556649,-0.066528842316027,-0.0950628366043416,0.0821758040420378,0.0036619375937678,-0.127971403452358,-0.178865399095896,0.0538232647093739,-0.133253074138111,0.118256810089012,0.0788780759371363,-0.160141456728344,0.0661731512914041,-0.14459343789419,-0.0158231825423778,-0.196187302706196,0.0560774450834841,0.242325179037484,0.106182897531988,0.0472113906978291,0.047727954584213,-0.170180081903419,-0.13093002001099,0.127161858079514,-0.0334885168380431,0.073485390059956,-0.139838898913122,-0.0670160499434297,-0.0956061770763636,-0.140964874841087,-0.0889762150323212,0.0343318495952157,-0.134342120729766,0.038974760939541,-0.141098755984575,0.0076015083145026,-0.142314016511042,-0.0128557010692717,0.0769120222034514,0.0533621193693032,-0.181355752938355,0.0779242310186618,-0.149632045446745,0.232986653842643,0.0420520476471288,0.0210544781199625,-0.0490256262660203,0.0343222448892292,-0.0017515489092621,0.0239054362303366,0.0405616887990474,-0.0764118305172973,-0.0051670661540775
severe,0.0058226677203364,-0.137048198336454,0.148114418830949,-0.0536534388400545,0.118809215906196,0.315789778400358,-0.0292805795628941,-0.0682407273804701,-0.204372297250758,0.126581584813031,-0.399787578707685,-0.166663447068606,-0.01195953194,-0.182341846104873,0.0038713760264653,-0.152811415753334,0.126271485009135,-0.234045381985384,0.255976382391611,-0.233414225281112,-0.0312532054517642,0.127947834739393,-0.357836512183191,-0.163872536192594,0.0900645901615885,0.0091377479244821,-0.19558020124247,-0.195048236528167,-0.139233977043356,-0.182962717234455,-0.188897717238862,0.0255413521845272,0.217108530341833,-0.107890406960075,-0.118918039499612,-0.1666531022713,-0.0965146412936622,-0.170603886644516,0.0169364461455186,0.200662247385591,0.0137299661224994,0.0558127001142455,-0.0635571511860081,0.0011362392693538,0.115791278661108,-0.0691671390110414,0.0405885659312395,-0.0861871809864423,-0.235047515714194,-0.220285217075573,0.0404778627198214,-0.0999641345228985,-0.0990788027156394,-0.392471713179805,-0.0340757681860593,-0.178850277715228,0.0680767574126364,-0.0769312144762558,-0.0228047717011224,0.0832707047569725,-0.126957216239474,0.376902479247325,-0.194174055375954
